%YAML:1.0
---
image_width: 640.
image_height: 360.
unit: cm
square_size: 2.
pairs_used: 74.
stereo_rms_px: 1.7420233137029217
avg_epipolar_err_px: 2.7643733024597168
baseline: 15.888717858571082
rotation_angle_deg: 5.9981510165574328
K_left: !!opencv-matrix
   rows: 3
   cols: 3
   dt: d
   data: [ 603.60627624724532, 0., 319.93946546902407, 0.,
       426.77050808429141, 180.22985145126302, 0., 0., 1. ]
D_left: !!opencv-matrix
   rows: 4
   cols: 1
   dt: d
   data: [ 0.0052221385221913165, -1.8248562099111814,
       9.6911252786653126, -16.083343928439927 ]
K_right: !!opencv-matrix
   rows: 3
   cols: 3
   dt: d
   data: [ 599.50982169530869, 0., 360.02523689714951, 0.,
       422.82157754185465, 161.77534483523746, 0., 0., 1. ]
D_right: !!opencv-matrix
   rows: 4
   cols: 1
   dt: d
   data: [ -0.080008472784313209, -0.152245604942364,
       0.45130967729807336, -0.55739158513890219 ]
R: !!opencv-matrix
   rows: 3
   cols: 3
   dt: d
   data: [ 0.99452596590483888, 0.039226715964606161,
       -0.096847136744869319, -0.039112118136050582, 0.99923007489523952,
       0.0030821485631958674, 0.096893474269214477,
       0.00072261987662900775, 0.9952944953452495 ]
T: !!opencv-matrix
   rows: 3
   cols: 1
   dt: d
   data: [ -15.830374662472339, -0.5979483210771338, -1.2219046772766189 ]
E: !!opencv-matrix
   rows: 3
   cols: 3
   dt: d
   data: [ -0.10572857035124314, 1.2205318128479521,
       -0.59136858072357468, 0.31864407061811856, -0.03649196432576695,
       15.874222730181035, 1.2138346155169732, -15.794730910649532,
       -0.10670114933851359 ]
F: !!opencv-matrix
   rows: 3
   cols: 3
   dt: d
   data: [ -2.9217450060377305e-07, 4.7704395975204336e-06,
       -0.0017527176372891795, 1.2485184149950266e-06,
       -2.0223005476502127e-07, 0.037180546851527739,
       0.0019141815286292121, -0.038694655975473197, 0.53632425967945707 ]
R1: !!opencv-matrix
   rows: 3
   cols: 3
   dt: d
   data: [ 0.99685363896877222, 0.076742789419025403,
       -0.019833475411628585, -0.076697768649118703, 0.99704980854906078,
       0.0030218465426405379, 0.020006867794905261,
       -0.0014911554138073275, 0.99979873059359747 ]
R2: !!opencv-matrix
   rows: 3
   cols: 3
   dt: d
   data: [ 0.99632801106935942, 0.037633516209400607,
       0.076903919381856589, -0.037459589991328729, 0.99929128083891772,
       -0.0037033980337946655, -0.076988787990563023,
       0.00080900990843829135, 0.99703163040432774 ]
P1: !!opencv-matrix
   rows: 3
   cols: 4
   dt: d
   data: [ 366.64687388949943, 0., 324.64053387669242, 0., 0.,
       366.64687388949943, 165.8615550320003, 0., 0., 0., 1., 0. ]
P2: !!opencv-matrix
   rows: 3
   cols: 4
   dt: d
   data: [ 366.64687388949943, 0., 324.64053387669242,
       -5825.5487329573489, 0., 366.64687388949943, 165.8615550320003,
       0., 0., 0., 1., 0. ]
Q: !!opencv-matrix
   rows: 4
   cols: 4
   dt: d
   data: [ 1., 0., 0., -324.64053387669242, 0., 1., 0.,
       -165.8615550320003, 0., 0., 0., 366.64687388949943, 0., 0.,
       0.062937740408081796, 0. ]
