%YAML:1.0
---
image_width: 640.
image_height: 360.
unit: cm
square_size: 2.
pairs_used: 53.
stereo_rms_px: 1.0610548722322108
avg_epipolar_err_px: 2.438347339630127
baseline: 15.315957433288167
rotation_angle_deg: 6.7376970789332011
K_left: !!opencv-matrix
   rows: 3
   cols: 3
   dt: d
   data: [ 590.554196378097, 0., 320.08962214779797, 0.,
       430.60021661541759, 180.02123732843179, 0., 0., 1. ]
D_left: !!opencv-matrix
   rows: 4
   cols: 1
   dt: d
   data: [ -0.093210094802519974, -0.17906647256451511,
       0.59269624693128109, -0.64796245483692638 ]
K_right: !!opencv-matrix
   rows: 3
   cols: 3
   dt: d
   data: [ 588.59035049687111, 0., 330.18283352595978, 0.,
       429.29544016502081, 167.07380347338267, 0., 0., 1. ]
D_right: !!opencv-matrix
   rows: 4
   cols: 1
   dt: d
   data: [ -0.047346582141998834, -0.29814830477972371,
       0.5630958435990393, -0.09283536817312317 ]
R: !!opencv-matrix
   rows: 3
   cols: 3
   dt: d
   data: [ 0.99586650324474379, -0.054670529246332956,
       0.072533033488284548, 0.049115313145227872, 0.99587606599191203,
       0.076279402194295867, -0.076404147333328454,
       -0.072401618879682481, 0.99444477566824607 ]
T: !!opencv-matrix
   rows: 3
   cols: 1
   dt: d
   data: [ 15.241500344225946, 1.2562884433891797, -0.83484052504787076 ]
E: !!opencv-matrix
   rows: 3
   cols: 3
   dt: d
   data: [ -0.054982193507812117, 0.74044038073408291,
       1.3129906154389865, 0.33312412343478653, 1.1491504724178498,
       -15.21738390642194, -0.50250451697500897, 15.247327356708245,
       1.0714901230664176 ]
F: !!opencv-matrix
   rows: 3
   cols: 3
   dt: d
   data: [ -1.5817912332056274e-07, 2.9214786281428643e-06,
       0.0017554408806595219, 1.3139839127525929e-06,
       6.2165063327725239e-06, -0.036987041549307036,
       -0.0010182075630091011, 0.033406236973970556, 0.56934730823477064 ]
R1: !!opencv-matrix
   rows: 3
   cols: 3
   dt: d
   data: [ 0.99921849466093982, 0.031228247403378439,
       0.024232137578818865, -0.032088574793449079, 0.99883768903338499,
       0.035966572455155443, -0.02308079927668533, -0.036716039145857152,
       0.99905916199902267 ]
R2: !!opencv-matrix
   rows: 3
   cols: 3
   dt: d
   data: [ 0.99513859388898596, 0.082024806406075637,
       -0.0545078901325095, -0.083954157259949702, 0.99588601656551312,
       -0.034098995411099245, 0.051486682078218479, 0.038509390326521023,
       0.99793093369494068 ]
P1: !!opencv-matrix
   rows: 3
   cols: 4
   dt: d
   data: [ 373.17981596807789, 0., 334.64239929468442, 0., 0.,
       373.17981596807789, 169.59510587260203, 0., 0., 0., 1., 0. ]
P2: !!opencv-matrix
   rows: 3
   cols: 4
   dt: d
   data: [ 373.17981596807789, 0., 334.64239929468442,
       5715.6061763293919, 0., 373.17981596807789, 169.59510587260203,
       0., 0., 0., 1., 0. ]
Q: !!opencv-matrix
   rows: 4
   cols: 4
   dt: d
   data: [ 1., 0., 0., -334.64239929468442, 0., 1., 0.,
       -169.59510587260203, 0., 0., 0., 373.17981596807789, 0., 0.,
       -0.065291380206278823, 0. ]
